(256,512)(250,512)
(250,512)(247,518)
(247,518)(243,513)
(243,513)(237,513)
(237,513)(234,519)
(234,519)(238,524)
(238,524)(232,525)
(232,525)(229,530)
(229,530)(225,525)
(225,525)(219,526)
(219,526)(222,520)
(222,520)(218,515)
(218,515)(212,515)
(212,515)(209,521)
(209,521)(206,516)
(206,516)(199,516)
(199,516)(196,522)
(196,522)(200,527)
(200,527)(194,527)
(194,527)(191,533)
(191,533)(194,538)
(194,538)(201,538)
(201,538)(198,543)
(198,543)(202,549)
(202,549)(195,549)
(195,549)(192,555)
(192,555)(189,550)
(189,550)(183,550)
(183,550)(180,556)
(180,556)(183,561)
(183,561)(177,561)
(177,561)(174,567)
(174,567)(171,562)
(171,562)(164,562)
(164,562)(167,557)
(167,557)(164,551)
(164,551)(157,552)
(157,552)(155,558)
(155,558)(151,552)
(151,552)(145,553)
(145,553)(148,547)
(148,547)(144,542)
(144,542)(150,541)
(150,541)(153,536)
(153,536)(150,530)
(150,530)(143,531)
(143,531)(146,525)
(146,525)(142,520)
(142,520)(136,520)
(136,520)(133,526)
(133,526)(130,521)
(130,521)(124,521)
(124,521)(121,527)
(121,527)(124,532)
(124,532)(118,533)
(118,533)(115,538)
(115,538)(112,533)
(112,533)(105,534)
(105,534)(108,528)
(108,528)(105,523)
(105,523)(98,523)
(98,523)(96,529)
(96,529)(92,523)
(92,523)(86,524)
(86,524)(83,530)
(83,530)(87,535)
(87,535)(80,535)
(80,535)(77,541)
(77,541)(81,546)
(81,546)(87,546)
(87,546)(85,551)
(85,551)(88,557)
(88,557)(82,557)
(82,557)(79,563)
(79,563)(75,558)
(75,558)(69,558)
(69,558)(66,564)
(66,564)(70,569)
(70,569)(64,569)
(64,569)(61,575)
(61,575)(64,580)
(64,580)(71,580)
(71,580)(68,586)
(68,586)(71,591)
(71,591)(78,590)
(78,590)(80,585)
(80,585)(84,590)
(84,590)(90,589)
(90,589)(88,595)
(88,595)(91,600)
(91,600)(85,601)
(85,601)(82,606)
(82,606)(86,612)
(86,612)(92,611)
(92,611)(89,617)
(89,617)(93,622)
(93,622)(86,623)
(86,623)(84,628)
(84,628)(80,623)
(80,623)(74,624)
(74,624)(71,629)
(71,629)(74,634)
(74,634)(68,635)
(68,635)(65,641)
(65,641)(62,635)
(62,635)(56,636)
(56,636)(58,630)
(58,630)(55,625)
(55,625)(48,625)
(48,625)(46,631)
(46,631)(42,626)
(42,626)(36,626)
(36,626)(33,632)
(33,632)(37,637)
(37,637)(30,638)
(30,638)(28,643)
(28,643)(31,648)
(31,648)(37,648)
(37,648)(35,654)
(35,654)(38,659)
(38,659)(32,659)
(32,659)(29,665)
(29,665)(26,660)
(26,660)(19,660)
(19,660)(16,666)
(16,666)(20,671)
(20,671)(14,672)
(14,672)(11,677)
(11,677)(7,672)
(7,672)(1,672)
(1,672)(4,667)
(4,667)(0,662)
(0,662)(0,662)
(0,662)(0,668)
(0,668)(0,662)
(0,662)(0,663)
(0,663)(0,657)
(0,657)(0,652)
(0,652)(0,652)
(0,652)(0,646)
(0,646)(0,641)
(0,641)(0,641)
(0,641)(0,635)
(0,635)(0,630)
(0,630)(0,631)
(0,631)(0,636)
(0,636)(0,631)
(0,631)(0,631)
(0,631)(0,637)
(0,637)(0,642)
(0,642)(0,643)
(0,643)(0,649)
(0,649)(0,643)
(0,643)(0,644)
(0,644)(0,638)
(0,638)(0,633)
(0,633)(0,633)
(0,633)(0,639)
(0,639)(0,634)
(0,634)(0,634)
(0,634)(0,628)
(0,628)(0,623)
(0,623)(0,623)
(0,623)(0,617)
(0,617)(0,612)
(0,612)(0,612)
(0,612)(0,607)
(0,607)(0,601)
(0,601)(0,601)
(0,601)(0,595)
(0,595)(0,600)
(0,600)(0,600)
(0,600)(0,594)
(0,594)(0,589)
(0,589)(0,589)
(0,589)(0,583)
(0,583)(0,578)
(0,578)(0,578)
(0,578)(0,572)
(0,572)(0,567)
(0,567)(0,568)
(0,568)(0,573)
(0,573)(0,568)
(0,568)(0,569)
(0,569)(0,563)
(0,563)(0,558)
(0,558)(0,557)
(0,557)(0,552)
(0,552)(0,546)
(0,546)(0,547)
(0,547)(0,541)
(0,541)(0,536)
(0,536)(0,536)
(0,536)(0,542)
(0,542)(0,537)
(0,537)(0,537)
(0,537)(0,543)
(0,543)(0,548)
(0,548)(0,548)
(0,548)(0,554)
(0,554)(0,549)
(0,549)(0,549)
(0,549)(0,544)
(0,544)(0,538)
(0,538)(0,539)
(0,539)(0,545)
(0,545)(0,539)
(0,539)(0,540)
(0,540)(0,545)
(0,545)(0,551)
(0,551)(0,551)
(0,551)(0,557)
(0,557)(0,562)
(0,562)(0,562)
(0,562)(0,567)
(0,567)(0,573)
(0,573)(0,573)
(0,573)(0,579)
(0,579)(0,573)
(0,573)(0,574)
(0,574)(0,580)
(0,580)(0,585)
(0,585)(0,585)
(0,585)(0,591)
(0,591)(0,586)
(0,586)(0,586)
(0,586)(0,580)
(0,580)(0,575)
(0,575)(0,576)
(0,576)(0,581)
(0,581)(0,576)
(0,576)(0,577)
(0,577)(0,571)
(0,571)(0,566)
(0,566)(0,565)
(0,565)(0,559)
(0,559)(0,554)
(0,554)(0,555)
(0,555)(0,549)
(0,549)(0,544)
(0,544)(0,544)
(0,544)(0,550)
(0,550)(0,545)
(0,545)(0,545)
(0,545)(0,551)
(0,551)(0,556)
(0,556)(0,556)
(0,556)(0,562)
(0,562)(0,557)
(0,557)(0,557)
(0,557)(0,552)
(0,552)(0,546)
(0,546)(0,547)
(0,547)(0,553)
(0,553)(0,547)
(0,547)(0,548)
